{
 "cells": [
  {
   "cell_type": "code",
   "execution_count": 1,
   "metadata": {},
   "outputs": [],
   "source": [
    "import numpy as np\n",
    "import pandas as pd\n",
    "import matplotlib.pyplot as plt\n",
    "import seaborn as sns\n",
    "plt.style.use('seaborn')\n",
    "import mglearn\n",
    "from sklearn.model_selection import train_test_split\n",
    "from sklearn.neighbors import KNeighborsClassifier\n",
    "from sklearn.neighbors import KNeighborsRegressor\n",
    "from sklearn.metrics import accuracy_score\n",
    "from sklearn.metrics import recall_score\n",
    "from sklearn.metrics import roc_auc_score\n",
    "from sklearn.metrics import classification_report,confusion_matrix\n",
    "from sklearn.model_selection import RepeatedStratifiedKFold\n",
    "from sklearn.model_selection import GridSearchCV"
   ]
  },
  {
   "cell_type": "code",
   "execution_count": 61,
   "metadata": {},
   "outputs": [
    {
     "data": {
      "text/html": [
       "<div>\n",
       "<style scoped>\n",
       "    .dataframe tbody tr th:only-of-type {\n",
       "        vertical-align: middle;\n",
       "    }\n",
       "\n",
       "    .dataframe tbody tr th {\n",
       "        vertical-align: top;\n",
       "    }\n",
       "\n",
       "    .dataframe thead th {\n",
       "        text-align: right;\n",
       "    }\n",
       "</style>\n",
       "<table border=\"1\" class=\"dataframe\">\n",
       "  <thead>\n",
       "    <tr style=\"text-align: right;\">\n",
       "      <th></th>\n",
       "      <th>school</th>\n",
       "      <th>sex</th>\n",
       "      <th>age</th>\n",
       "      <th>address</th>\n",
       "      <th>famsize</th>\n",
       "      <th>Pstatus</th>\n",
       "      <th>Medu</th>\n",
       "      <th>Fedu</th>\n",
       "      <th>Mjob</th>\n",
       "      <th>Fjob</th>\n",
       "      <th>reason</th>\n",
       "      <th>guardian</th>\n",
       "      <th>traveltime</th>\n",
       "      <th>studytime</th>\n",
       "      <th>failures</th>\n",
       "      <th>schoolsup</th>\n",
       "      <th>famsup</th>\n",
       "      <th>paid</th>\n",
       "      <th>activities</th>\n",
       "      <th>nursery</th>\n",
       "      <th>higher</th>\n",
       "      <th>internet</th>\n",
       "      <th>romantic</th>\n",
       "      <th>famrel</th>\n",
       "      <th>freetime</th>\n",
       "      <th>goout</th>\n",
       "      <th>Dalc</th>\n",
       "      <th>Walc</th>\n",
       "      <th>health</th>\n",
       "      <th>absences</th>\n",
       "      <th>G1</th>\n",
       "      <th>G2</th>\n",
       "      <th>G3</th>\n",
       "    </tr>\n",
       "  </thead>\n",
       "  <tbody>\n",
       "    <tr>\n",
       "      <th>0</th>\n",
       "      <td>GP</td>\n",
       "      <td>F</td>\n",
       "      <td>18</td>\n",
       "      <td>U</td>\n",
       "      <td>GT3</td>\n",
       "      <td>A</td>\n",
       "      <td>4</td>\n",
       "      <td>4</td>\n",
       "      <td>at_home</td>\n",
       "      <td>teacher</td>\n",
       "      <td>course</td>\n",
       "      <td>mother</td>\n",
       "      <td>2</td>\n",
       "      <td>2</td>\n",
       "      <td>0</td>\n",
       "      <td>yes</td>\n",
       "      <td>no</td>\n",
       "      <td>no</td>\n",
       "      <td>no</td>\n",
       "      <td>yes</td>\n",
       "      <td>yes</td>\n",
       "      <td>no</td>\n",
       "      <td>no</td>\n",
       "      <td>4</td>\n",
       "      <td>3</td>\n",
       "      <td>4</td>\n",
       "      <td>1</td>\n",
       "      <td>1</td>\n",
       "      <td>3</td>\n",
       "      <td>4</td>\n",
       "      <td>0</td>\n",
       "      <td>11</td>\n",
       "      <td>11</td>\n",
       "    </tr>\n",
       "    <tr>\n",
       "      <th>1</th>\n",
       "      <td>GP</td>\n",
       "      <td>F</td>\n",
       "      <td>17</td>\n",
       "      <td>U</td>\n",
       "      <td>GT3</td>\n",
       "      <td>T</td>\n",
       "      <td>1</td>\n",
       "      <td>1</td>\n",
       "      <td>at_home</td>\n",
       "      <td>other</td>\n",
       "      <td>course</td>\n",
       "      <td>father</td>\n",
       "      <td>1</td>\n",
       "      <td>2</td>\n",
       "      <td>0</td>\n",
       "      <td>no</td>\n",
       "      <td>yes</td>\n",
       "      <td>no</td>\n",
       "      <td>no</td>\n",
       "      <td>no</td>\n",
       "      <td>yes</td>\n",
       "      <td>yes</td>\n",
       "      <td>no</td>\n",
       "      <td>5</td>\n",
       "      <td>3</td>\n",
       "      <td>3</td>\n",
       "      <td>1</td>\n",
       "      <td>1</td>\n",
       "      <td>3</td>\n",
       "      <td>2</td>\n",
       "      <td>9</td>\n",
       "      <td>11</td>\n",
       "      <td>11</td>\n",
       "    </tr>\n",
       "    <tr>\n",
       "      <th>2</th>\n",
       "      <td>GP</td>\n",
       "      <td>F</td>\n",
       "      <td>15</td>\n",
       "      <td>U</td>\n",
       "      <td>LE3</td>\n",
       "      <td>T</td>\n",
       "      <td>1</td>\n",
       "      <td>1</td>\n",
       "      <td>at_home</td>\n",
       "      <td>other</td>\n",
       "      <td>other</td>\n",
       "      <td>mother</td>\n",
       "      <td>1</td>\n",
       "      <td>2</td>\n",
       "      <td>0</td>\n",
       "      <td>yes</td>\n",
       "      <td>no</td>\n",
       "      <td>no</td>\n",
       "      <td>no</td>\n",
       "      <td>yes</td>\n",
       "      <td>yes</td>\n",
       "      <td>yes</td>\n",
       "      <td>no</td>\n",
       "      <td>4</td>\n",
       "      <td>3</td>\n",
       "      <td>2</td>\n",
       "      <td>2</td>\n",
       "      <td>3</td>\n",
       "      <td>3</td>\n",
       "      <td>6</td>\n",
       "      <td>12</td>\n",
       "      <td>13</td>\n",
       "      <td>12</td>\n",
       "    </tr>\n",
       "    <tr>\n",
       "      <th>3</th>\n",
       "      <td>GP</td>\n",
       "      <td>F</td>\n",
       "      <td>15</td>\n",
       "      <td>U</td>\n",
       "      <td>GT3</td>\n",
       "      <td>T</td>\n",
       "      <td>4</td>\n",
       "      <td>2</td>\n",
       "      <td>health</td>\n",
       "      <td>services</td>\n",
       "      <td>home</td>\n",
       "      <td>mother</td>\n",
       "      <td>1</td>\n",
       "      <td>3</td>\n",
       "      <td>0</td>\n",
       "      <td>no</td>\n",
       "      <td>yes</td>\n",
       "      <td>no</td>\n",
       "      <td>yes</td>\n",
       "      <td>yes</td>\n",
       "      <td>yes</td>\n",
       "      <td>yes</td>\n",
       "      <td>yes</td>\n",
       "      <td>3</td>\n",
       "      <td>2</td>\n",
       "      <td>2</td>\n",
       "      <td>1</td>\n",
       "      <td>1</td>\n",
       "      <td>5</td>\n",
       "      <td>0</td>\n",
       "      <td>14</td>\n",
       "      <td>14</td>\n",
       "      <td>14</td>\n",
       "    </tr>\n",
       "    <tr>\n",
       "      <th>4</th>\n",
       "      <td>GP</td>\n",
       "      <td>F</td>\n",
       "      <td>16</td>\n",
       "      <td>U</td>\n",
       "      <td>GT3</td>\n",
       "      <td>T</td>\n",
       "      <td>3</td>\n",
       "      <td>3</td>\n",
       "      <td>other</td>\n",
       "      <td>other</td>\n",
       "      <td>home</td>\n",
       "      <td>father</td>\n",
       "      <td>1</td>\n",
       "      <td>2</td>\n",
       "      <td>0</td>\n",
       "      <td>no</td>\n",
       "      <td>yes</td>\n",
       "      <td>no</td>\n",
       "      <td>no</td>\n",
       "      <td>yes</td>\n",
       "      <td>yes</td>\n",
       "      <td>no</td>\n",
       "      <td>no</td>\n",
       "      <td>4</td>\n",
       "      <td>3</td>\n",
       "      <td>2</td>\n",
       "      <td>1</td>\n",
       "      <td>2</td>\n",
       "      <td>5</td>\n",
       "      <td>0</td>\n",
       "      <td>11</td>\n",
       "      <td>13</td>\n",
       "      <td>13</td>\n",
       "    </tr>\n",
       "  </tbody>\n",
       "</table>\n",
       "</div>"
      ],
      "text/plain": [
       "  school sex  age address famsize Pstatus  Medu  Fedu     Mjob      Fjob  \\\n",
       "0     GP   F   18       U     GT3       A     4     4  at_home   teacher   \n",
       "1     GP   F   17       U     GT3       T     1     1  at_home     other   \n",
       "2     GP   F   15       U     LE3       T     1     1  at_home     other   \n",
       "3     GP   F   15       U     GT3       T     4     2   health  services   \n",
       "4     GP   F   16       U     GT3       T     3     3    other     other   \n",
       "\n",
       "   reason guardian  traveltime  studytime  failures schoolsup famsup paid  \\\n",
       "0  course   mother           2          2         0       yes     no   no   \n",
       "1  course   father           1          2         0        no    yes   no   \n",
       "2   other   mother           1          2         0       yes     no   no   \n",
       "3    home   mother           1          3         0        no    yes   no   \n",
       "4    home   father           1          2         0        no    yes   no   \n",
       "\n",
       "  activities nursery higher internet romantic  famrel  freetime  goout  Dalc  \\\n",
       "0         no     yes    yes       no       no       4         3      4     1   \n",
       "1         no      no    yes      yes       no       5         3      3     1   \n",
       "2         no     yes    yes      yes       no       4         3      2     2   \n",
       "3        yes     yes    yes      yes      yes       3         2      2     1   \n",
       "4         no     yes    yes       no       no       4         3      2     1   \n",
       "\n",
       "   Walc  health  absences  G1  G2  G3  \n",
       "0     1       3         4   0  11  11  \n",
       "1     1       3         2   9  11  11  \n",
       "2     3       3         6  12  13  12  \n",
       "3     1       5         0  14  14  14  \n",
       "4     2       5         0  11  13  13  "
      ]
     },
     "execution_count": 61,
     "metadata": {},
     "output_type": "execute_result"
    }
   ],
   "source": [
    "df = pd.read_csv('/Users/Brian/Downloads/school_grades_dataset.csv')\n",
    "df.head()"
   ]
  },
  {
   "cell_type": "markdown",
   "metadata": {},
   "source": [
    "## Data Exploration"
   ]
  },
  {
   "cell_type": "code",
   "execution_count": 3,
   "metadata": {},
   "outputs": [
    {
     "data": {
      "text/plain": [
       "(649, 33)"
      ]
     },
     "execution_count": 3,
     "metadata": {},
     "output_type": "execute_result"
    }
   ],
   "source": [
    "df.shape"
   ]
  },
  {
   "cell_type": "code",
   "execution_count": 6,
   "metadata": {},
   "outputs": [
    {
     "name": "stdout",
     "output_type": "stream",
     "text": [
      "<class 'pandas.core.frame.DataFrame'>\n",
      "RangeIndex: 649 entries, 0 to 648\n",
      "Data columns (total 33 columns):\n",
      " #   Column      Non-Null Count  Dtype \n",
      "---  ------      --------------  ----- \n",
      " 0   school      649 non-null    object\n",
      " 1   sex         649 non-null    object\n",
      " 2   age         649 non-null    int64 \n",
      " 3   address     649 non-null    object\n",
      " 4   famsize     649 non-null    object\n",
      " 5   Pstatus     649 non-null    object\n",
      " 6   Medu        649 non-null    int64 \n",
      " 7   Fedu        649 non-null    int64 \n",
      " 8   Mjob        649 non-null    object\n",
      " 9   Fjob        649 non-null    object\n",
      " 10  reason      649 non-null    object\n",
      " 11  guardian    649 non-null    object\n",
      " 12  traveltime  649 non-null    int64 \n",
      " 13  studytime   649 non-null    int64 \n",
      " 14  failures    649 non-null    int64 \n",
      " 15  schoolsup   649 non-null    object\n",
      " 16  famsup      649 non-null    object\n",
      " 17  paid        649 non-null    object\n",
      " 18  activities  649 non-null    object\n",
      " 19  nursery     649 non-null    object\n",
      " 20  higher      649 non-null    object\n",
      " 21  internet    649 non-null    object\n",
      " 22  romantic    649 non-null    object\n",
      " 23  famrel      649 non-null    int64 \n",
      " 24  freetime    649 non-null    int64 \n",
      " 25  goout       649 non-null    int64 \n",
      " 26  Dalc        649 non-null    int64 \n",
      " 27  Walc        649 non-null    int64 \n",
      " 28  health      649 non-null    int64 \n",
      " 29  absences    649 non-null    int64 \n",
      " 30  G1          649 non-null    int64 \n",
      " 31  G2          649 non-null    int64 \n",
      " 32  G3          649 non-null    int64 \n",
      "dtypes: int64(16), object(17)\n",
      "memory usage: 167.4+ KB\n"
     ]
    }
   ],
   "source": [
    "df.info()"
   ]
  },
  {
   "cell_type": "code",
   "execution_count": 7,
   "metadata": {},
   "outputs": [
    {
     "data": {
      "text/html": [
       "<div>\n",
       "<style scoped>\n",
       "    .dataframe tbody tr th:only-of-type {\n",
       "        vertical-align: middle;\n",
       "    }\n",
       "\n",
       "    .dataframe tbody tr th {\n",
       "        vertical-align: top;\n",
       "    }\n",
       "\n",
       "    .dataframe thead th {\n",
       "        text-align: right;\n",
       "    }\n",
       "</style>\n",
       "<table border=\"1\" class=\"dataframe\">\n",
       "  <thead>\n",
       "    <tr style=\"text-align: right;\">\n",
       "      <th></th>\n",
       "      <th>age</th>\n",
       "      <th>Medu</th>\n",
       "      <th>Fedu</th>\n",
       "      <th>traveltime</th>\n",
       "      <th>studytime</th>\n",
       "      <th>failures</th>\n",
       "      <th>famrel</th>\n",
       "      <th>freetime</th>\n",
       "      <th>goout</th>\n",
       "      <th>Dalc</th>\n",
       "      <th>Walc</th>\n",
       "      <th>health</th>\n",
       "      <th>absences</th>\n",
       "      <th>G1</th>\n",
       "      <th>G2</th>\n",
       "      <th>G3</th>\n",
       "    </tr>\n",
       "  </thead>\n",
       "  <tbody>\n",
       "    <tr>\n",
       "      <th>count</th>\n",
       "      <td>649.000000</td>\n",
       "      <td>649.000000</td>\n",
       "      <td>649.000000</td>\n",
       "      <td>649.000000</td>\n",
       "      <td>649.000000</td>\n",
       "      <td>649.000000</td>\n",
       "      <td>649.000000</td>\n",
       "      <td>649.000000</td>\n",
       "      <td>649.000000</td>\n",
       "      <td>649.000000</td>\n",
       "      <td>649.000000</td>\n",
       "      <td>649.000000</td>\n",
       "      <td>649.000000</td>\n",
       "      <td>649.000000</td>\n",
       "      <td>649.000000</td>\n",
       "      <td>649.000000</td>\n",
       "    </tr>\n",
       "    <tr>\n",
       "      <th>mean</th>\n",
       "      <td>16.744222</td>\n",
       "      <td>2.514638</td>\n",
       "      <td>2.306626</td>\n",
       "      <td>1.568567</td>\n",
       "      <td>1.930663</td>\n",
       "      <td>0.221880</td>\n",
       "      <td>3.930663</td>\n",
       "      <td>3.180277</td>\n",
       "      <td>3.184900</td>\n",
       "      <td>1.502311</td>\n",
       "      <td>2.280431</td>\n",
       "      <td>3.536210</td>\n",
       "      <td>3.659476</td>\n",
       "      <td>11.399076</td>\n",
       "      <td>11.570108</td>\n",
       "      <td>11.906009</td>\n",
       "    </tr>\n",
       "    <tr>\n",
       "      <th>std</th>\n",
       "      <td>1.218138</td>\n",
       "      <td>1.134552</td>\n",
       "      <td>1.099931</td>\n",
       "      <td>0.748660</td>\n",
       "      <td>0.829510</td>\n",
       "      <td>0.593235</td>\n",
       "      <td>0.955717</td>\n",
       "      <td>1.051093</td>\n",
       "      <td>1.175766</td>\n",
       "      <td>0.924834</td>\n",
       "      <td>1.284380</td>\n",
       "      <td>1.446259</td>\n",
       "      <td>4.640759</td>\n",
       "      <td>2.745265</td>\n",
       "      <td>2.913639</td>\n",
       "      <td>3.230656</td>\n",
       "    </tr>\n",
       "    <tr>\n",
       "      <th>min</th>\n",
       "      <td>15.000000</td>\n",
       "      <td>0.000000</td>\n",
       "      <td>0.000000</td>\n",
       "      <td>1.000000</td>\n",
       "      <td>1.000000</td>\n",
       "      <td>0.000000</td>\n",
       "      <td>1.000000</td>\n",
       "      <td>1.000000</td>\n",
       "      <td>1.000000</td>\n",
       "      <td>1.000000</td>\n",
       "      <td>1.000000</td>\n",
       "      <td>1.000000</td>\n",
       "      <td>0.000000</td>\n",
       "      <td>0.000000</td>\n",
       "      <td>0.000000</td>\n",
       "      <td>0.000000</td>\n",
       "    </tr>\n",
       "    <tr>\n",
       "      <th>25%</th>\n",
       "      <td>16.000000</td>\n",
       "      <td>2.000000</td>\n",
       "      <td>1.000000</td>\n",
       "      <td>1.000000</td>\n",
       "      <td>1.000000</td>\n",
       "      <td>0.000000</td>\n",
       "      <td>4.000000</td>\n",
       "      <td>3.000000</td>\n",
       "      <td>2.000000</td>\n",
       "      <td>1.000000</td>\n",
       "      <td>1.000000</td>\n",
       "      <td>2.000000</td>\n",
       "      <td>0.000000</td>\n",
       "      <td>10.000000</td>\n",
       "      <td>10.000000</td>\n",
       "      <td>10.000000</td>\n",
       "    </tr>\n",
       "    <tr>\n",
       "      <th>50%</th>\n",
       "      <td>17.000000</td>\n",
       "      <td>2.000000</td>\n",
       "      <td>2.000000</td>\n",
       "      <td>1.000000</td>\n",
       "      <td>2.000000</td>\n",
       "      <td>0.000000</td>\n",
       "      <td>4.000000</td>\n",
       "      <td>3.000000</td>\n",
       "      <td>3.000000</td>\n",
       "      <td>1.000000</td>\n",
       "      <td>2.000000</td>\n",
       "      <td>4.000000</td>\n",
       "      <td>2.000000</td>\n",
       "      <td>11.000000</td>\n",
       "      <td>11.000000</td>\n",
       "      <td>12.000000</td>\n",
       "    </tr>\n",
       "    <tr>\n",
       "      <th>75%</th>\n",
       "      <td>18.000000</td>\n",
       "      <td>4.000000</td>\n",
       "      <td>3.000000</td>\n",
       "      <td>2.000000</td>\n",
       "      <td>2.000000</td>\n",
       "      <td>0.000000</td>\n",
       "      <td>5.000000</td>\n",
       "      <td>4.000000</td>\n",
       "      <td>4.000000</td>\n",
       "      <td>2.000000</td>\n",
       "      <td>3.000000</td>\n",
       "      <td>5.000000</td>\n",
       "      <td>6.000000</td>\n",
       "      <td>13.000000</td>\n",
       "      <td>13.000000</td>\n",
       "      <td>14.000000</td>\n",
       "    </tr>\n",
       "    <tr>\n",
       "      <th>max</th>\n",
       "      <td>22.000000</td>\n",
       "      <td>4.000000</td>\n",
       "      <td>4.000000</td>\n",
       "      <td>4.000000</td>\n",
       "      <td>4.000000</td>\n",
       "      <td>3.000000</td>\n",
       "      <td>5.000000</td>\n",
       "      <td>5.000000</td>\n",
       "      <td>5.000000</td>\n",
       "      <td>5.000000</td>\n",
       "      <td>5.000000</td>\n",
       "      <td>5.000000</td>\n",
       "      <td>32.000000</td>\n",
       "      <td>19.000000</td>\n",
       "      <td>19.000000</td>\n",
       "      <td>19.000000</td>\n",
       "    </tr>\n",
       "  </tbody>\n",
       "</table>\n",
       "</div>"
      ],
      "text/plain": [
       "              age        Medu        Fedu  traveltime   studytime    failures  \\\n",
       "count  649.000000  649.000000  649.000000  649.000000  649.000000  649.000000   \n",
       "mean    16.744222    2.514638    2.306626    1.568567    1.930663    0.221880   \n",
       "std      1.218138    1.134552    1.099931    0.748660    0.829510    0.593235   \n",
       "min     15.000000    0.000000    0.000000    1.000000    1.000000    0.000000   \n",
       "25%     16.000000    2.000000    1.000000    1.000000    1.000000    0.000000   \n",
       "50%     17.000000    2.000000    2.000000    1.000000    2.000000    0.000000   \n",
       "75%     18.000000    4.000000    3.000000    2.000000    2.000000    0.000000   \n",
       "max     22.000000    4.000000    4.000000    4.000000    4.000000    3.000000   \n",
       "\n",
       "           famrel    freetime       goout        Dalc        Walc      health  \\\n",
       "count  649.000000  649.000000  649.000000  649.000000  649.000000  649.000000   \n",
       "mean     3.930663    3.180277    3.184900    1.502311    2.280431    3.536210   \n",
       "std      0.955717    1.051093    1.175766    0.924834    1.284380    1.446259   \n",
       "min      1.000000    1.000000    1.000000    1.000000    1.000000    1.000000   \n",
       "25%      4.000000    3.000000    2.000000    1.000000    1.000000    2.000000   \n",
       "50%      4.000000    3.000000    3.000000    1.000000    2.000000    4.000000   \n",
       "75%      5.000000    4.000000    4.000000    2.000000    3.000000    5.000000   \n",
       "max      5.000000    5.000000    5.000000    5.000000    5.000000    5.000000   \n",
       "\n",
       "         absences          G1          G2          G3  \n",
       "count  649.000000  649.000000  649.000000  649.000000  \n",
       "mean     3.659476   11.399076   11.570108   11.906009  \n",
       "std      4.640759    2.745265    2.913639    3.230656  \n",
       "min      0.000000    0.000000    0.000000    0.000000  \n",
       "25%      0.000000   10.000000   10.000000   10.000000  \n",
       "50%      2.000000   11.000000   11.000000   12.000000  \n",
       "75%      6.000000   13.000000   13.000000   14.000000  \n",
       "max     32.000000   19.000000   19.000000   19.000000  "
      ]
     },
     "execution_count": 7,
     "metadata": {},
     "output_type": "execute_result"
    }
   ],
   "source": [
    "df.describe()"
   ]
  },
  {
   "cell_type": "code",
   "execution_count": 8,
   "metadata": {},
   "outputs": [
    {
     "data": {
      "text/html": [
       "<div>\n",
       "<style scoped>\n",
       "    .dataframe tbody tr th:only-of-type {\n",
       "        vertical-align: middle;\n",
       "    }\n",
       "\n",
       "    .dataframe tbody tr th {\n",
       "        vertical-align: top;\n",
       "    }\n",
       "\n",
       "    .dataframe thead th {\n",
       "        text-align: right;\n",
       "    }\n",
       "</style>\n",
       "<table border=\"1\" class=\"dataframe\">\n",
       "  <thead>\n",
       "    <tr style=\"text-align: right;\">\n",
       "      <th></th>\n",
       "      <th>age</th>\n",
       "      <th>Medu</th>\n",
       "      <th>Fedu</th>\n",
       "      <th>traveltime</th>\n",
       "      <th>studytime</th>\n",
       "      <th>failures</th>\n",
       "      <th>famrel</th>\n",
       "      <th>freetime</th>\n",
       "      <th>goout</th>\n",
       "      <th>Dalc</th>\n",
       "      <th>Walc</th>\n",
       "      <th>health</th>\n",
       "      <th>absences</th>\n",
       "      <th>G1</th>\n",
       "      <th>G2</th>\n",
       "      <th>G3</th>\n",
       "    </tr>\n",
       "  </thead>\n",
       "  <tbody>\n",
       "    <tr>\n",
       "      <th>age</th>\n",
       "      <td>1.000000</td>\n",
       "      <td>-0.107832</td>\n",
       "      <td>-0.121050</td>\n",
       "      <td>0.034490</td>\n",
       "      <td>-0.008415</td>\n",
       "      <td>0.319968</td>\n",
       "      <td>-0.020559</td>\n",
       "      <td>-0.004910</td>\n",
       "      <td>0.112805</td>\n",
       "      <td>0.134768</td>\n",
       "      <td>0.086357</td>\n",
       "      <td>-0.008750</td>\n",
       "      <td>0.149998</td>\n",
       "      <td>-0.174322</td>\n",
       "      <td>-0.107119</td>\n",
       "      <td>-0.106505</td>\n",
       "    </tr>\n",
       "    <tr>\n",
       "      <th>Medu</th>\n",
       "      <td>-0.107832</td>\n",
       "      <td>1.000000</td>\n",
       "      <td>0.647477</td>\n",
       "      <td>-0.265079</td>\n",
       "      <td>0.097006</td>\n",
       "      <td>-0.172210</td>\n",
       "      <td>0.024421</td>\n",
       "      <td>-0.019686</td>\n",
       "      <td>0.009536</td>\n",
       "      <td>-0.007018</td>\n",
       "      <td>-0.019766</td>\n",
       "      <td>0.004614</td>\n",
       "      <td>-0.008577</td>\n",
       "      <td>0.260472</td>\n",
       "      <td>0.264035</td>\n",
       "      <td>0.240151</td>\n",
       "    </tr>\n",
       "    <tr>\n",
       "      <th>Fedu</th>\n",
       "      <td>-0.121050</td>\n",
       "      <td>0.647477</td>\n",
       "      <td>1.000000</td>\n",
       "      <td>-0.208288</td>\n",
       "      <td>0.050400</td>\n",
       "      <td>-0.165915</td>\n",
       "      <td>0.020256</td>\n",
       "      <td>0.006841</td>\n",
       "      <td>0.027690</td>\n",
       "      <td>0.000061</td>\n",
       "      <td>0.038445</td>\n",
       "      <td>0.044910</td>\n",
       "      <td>0.029859</td>\n",
       "      <td>0.217501</td>\n",
       "      <td>0.225139</td>\n",
       "      <td>0.211800</td>\n",
       "    </tr>\n",
       "    <tr>\n",
       "      <th>traveltime</th>\n",
       "      <td>0.034490</td>\n",
       "      <td>-0.265079</td>\n",
       "      <td>-0.208288</td>\n",
       "      <td>1.000000</td>\n",
       "      <td>-0.063154</td>\n",
       "      <td>0.097730</td>\n",
       "      <td>-0.009521</td>\n",
       "      <td>0.000937</td>\n",
       "      <td>0.057454</td>\n",
       "      <td>0.092824</td>\n",
       "      <td>0.057007</td>\n",
       "      <td>-0.048261</td>\n",
       "      <td>-0.008149</td>\n",
       "      <td>-0.154120</td>\n",
       "      <td>-0.154489</td>\n",
       "      <td>-0.127173</td>\n",
       "    </tr>\n",
       "    <tr>\n",
       "      <th>studytime</th>\n",
       "      <td>-0.008415</td>\n",
       "      <td>0.097006</td>\n",
       "      <td>0.050400</td>\n",
       "      <td>-0.063154</td>\n",
       "      <td>1.000000</td>\n",
       "      <td>-0.147441</td>\n",
       "      <td>-0.004127</td>\n",
       "      <td>-0.068829</td>\n",
       "      <td>-0.075442</td>\n",
       "      <td>-0.137585</td>\n",
       "      <td>-0.214925</td>\n",
       "      <td>-0.056433</td>\n",
       "      <td>-0.118389</td>\n",
       "      <td>0.260875</td>\n",
       "      <td>0.240498</td>\n",
       "      <td>0.249789</td>\n",
       "    </tr>\n",
       "    <tr>\n",
       "      <th>failures</th>\n",
       "      <td>0.319968</td>\n",
       "      <td>-0.172210</td>\n",
       "      <td>-0.165915</td>\n",
       "      <td>0.097730</td>\n",
       "      <td>-0.147441</td>\n",
       "      <td>1.000000</td>\n",
       "      <td>-0.062645</td>\n",
       "      <td>0.108995</td>\n",
       "      <td>0.045078</td>\n",
       "      <td>0.105949</td>\n",
       "      <td>0.082266</td>\n",
       "      <td>0.035588</td>\n",
       "      <td>0.122779</td>\n",
       "      <td>-0.384210</td>\n",
       "      <td>-0.385782</td>\n",
       "      <td>-0.393316</td>\n",
       "    </tr>\n",
       "    <tr>\n",
       "      <th>famrel</th>\n",
       "      <td>-0.020559</td>\n",
       "      <td>0.024421</td>\n",
       "      <td>0.020256</td>\n",
       "      <td>-0.009521</td>\n",
       "      <td>-0.004127</td>\n",
       "      <td>-0.062645</td>\n",
       "      <td>1.000000</td>\n",
       "      <td>0.129216</td>\n",
       "      <td>0.089707</td>\n",
       "      <td>-0.075767</td>\n",
       "      <td>-0.093511</td>\n",
       "      <td>0.109559</td>\n",
       "      <td>-0.089534</td>\n",
       "      <td>0.048795</td>\n",
       "      <td>0.089588</td>\n",
       "      <td>0.063361</td>\n",
       "    </tr>\n",
       "    <tr>\n",
       "      <th>freetime</th>\n",
       "      <td>-0.004910</td>\n",
       "      <td>-0.019686</td>\n",
       "      <td>0.006841</td>\n",
       "      <td>0.000937</td>\n",
       "      <td>-0.068829</td>\n",
       "      <td>0.108995</td>\n",
       "      <td>0.129216</td>\n",
       "      <td>1.000000</td>\n",
       "      <td>0.346352</td>\n",
       "      <td>0.109904</td>\n",
       "      <td>0.120244</td>\n",
       "      <td>0.084526</td>\n",
       "      <td>-0.018716</td>\n",
       "      <td>-0.094497</td>\n",
       "      <td>-0.106678</td>\n",
       "      <td>-0.122705</td>\n",
       "    </tr>\n",
       "    <tr>\n",
       "      <th>goout</th>\n",
       "      <td>0.112805</td>\n",
       "      <td>0.009536</td>\n",
       "      <td>0.027690</td>\n",
       "      <td>0.057454</td>\n",
       "      <td>-0.075442</td>\n",
       "      <td>0.045078</td>\n",
       "      <td>0.089707</td>\n",
       "      <td>0.346352</td>\n",
       "      <td>1.000000</td>\n",
       "      <td>0.245126</td>\n",
       "      <td>0.388680</td>\n",
       "      <td>-0.015741</td>\n",
       "      <td>0.085374</td>\n",
       "      <td>-0.074053</td>\n",
       "      <td>-0.079469</td>\n",
       "      <td>-0.087641</td>\n",
       "    </tr>\n",
       "    <tr>\n",
       "      <th>Dalc</th>\n",
       "      <td>0.134768</td>\n",
       "      <td>-0.007018</td>\n",
       "      <td>0.000061</td>\n",
       "      <td>0.092824</td>\n",
       "      <td>-0.137585</td>\n",
       "      <td>0.105949</td>\n",
       "      <td>-0.075767</td>\n",
       "      <td>0.109904</td>\n",
       "      <td>0.245126</td>\n",
       "      <td>1.000000</td>\n",
       "      <td>0.616561</td>\n",
       "      <td>0.059067</td>\n",
       "      <td>0.172952</td>\n",
       "      <td>-0.195171</td>\n",
       "      <td>-0.189480</td>\n",
       "      <td>-0.204719</td>\n",
       "    </tr>\n",
       "    <tr>\n",
       "      <th>Walc</th>\n",
       "      <td>0.086357</td>\n",
       "      <td>-0.019766</td>\n",
       "      <td>0.038445</td>\n",
       "      <td>0.057007</td>\n",
       "      <td>-0.214925</td>\n",
       "      <td>0.082266</td>\n",
       "      <td>-0.093511</td>\n",
       "      <td>0.120244</td>\n",
       "      <td>0.388680</td>\n",
       "      <td>0.616561</td>\n",
       "      <td>1.000000</td>\n",
       "      <td>0.114988</td>\n",
       "      <td>0.156373</td>\n",
       "      <td>-0.155649</td>\n",
       "      <td>-0.164852</td>\n",
       "      <td>-0.176619</td>\n",
       "    </tr>\n",
       "    <tr>\n",
       "      <th>health</th>\n",
       "      <td>-0.008750</td>\n",
       "      <td>0.004614</td>\n",
       "      <td>0.044910</td>\n",
       "      <td>-0.048261</td>\n",
       "      <td>-0.056433</td>\n",
       "      <td>0.035588</td>\n",
       "      <td>0.109559</td>\n",
       "      <td>0.084526</td>\n",
       "      <td>-0.015741</td>\n",
       "      <td>0.059067</td>\n",
       "      <td>0.114988</td>\n",
       "      <td>1.000000</td>\n",
       "      <td>-0.030235</td>\n",
       "      <td>-0.051647</td>\n",
       "      <td>-0.082179</td>\n",
       "      <td>-0.098851</td>\n",
       "    </tr>\n",
       "    <tr>\n",
       "      <th>absences</th>\n",
       "      <td>0.149998</td>\n",
       "      <td>-0.008577</td>\n",
       "      <td>0.029859</td>\n",
       "      <td>-0.008149</td>\n",
       "      <td>-0.118389</td>\n",
       "      <td>0.122779</td>\n",
       "      <td>-0.089534</td>\n",
       "      <td>-0.018716</td>\n",
       "      <td>0.085374</td>\n",
       "      <td>0.172952</td>\n",
       "      <td>0.156373</td>\n",
       "      <td>-0.030235</td>\n",
       "      <td>1.000000</td>\n",
       "      <td>-0.147149</td>\n",
       "      <td>-0.124745</td>\n",
       "      <td>-0.091379</td>\n",
       "    </tr>\n",
       "    <tr>\n",
       "      <th>G1</th>\n",
       "      <td>-0.174322</td>\n",
       "      <td>0.260472</td>\n",
       "      <td>0.217501</td>\n",
       "      <td>-0.154120</td>\n",
       "      <td>0.260875</td>\n",
       "      <td>-0.384210</td>\n",
       "      <td>0.048795</td>\n",
       "      <td>-0.094497</td>\n",
       "      <td>-0.074053</td>\n",
       "      <td>-0.195171</td>\n",
       "      <td>-0.155649</td>\n",
       "      <td>-0.051647</td>\n",
       "      <td>-0.147149</td>\n",
       "      <td>1.000000</td>\n",
       "      <td>0.864982</td>\n",
       "      <td>0.826387</td>\n",
       "    </tr>\n",
       "    <tr>\n",
       "      <th>G2</th>\n",
       "      <td>-0.107119</td>\n",
       "      <td>0.264035</td>\n",
       "      <td>0.225139</td>\n",
       "      <td>-0.154489</td>\n",
       "      <td>0.240498</td>\n",
       "      <td>-0.385782</td>\n",
       "      <td>0.089588</td>\n",
       "      <td>-0.106678</td>\n",
       "      <td>-0.079469</td>\n",
       "      <td>-0.189480</td>\n",
       "      <td>-0.164852</td>\n",
       "      <td>-0.082179</td>\n",
       "      <td>-0.124745</td>\n",
       "      <td>0.864982</td>\n",
       "      <td>1.000000</td>\n",
       "      <td>0.918548</td>\n",
       "    </tr>\n",
       "    <tr>\n",
       "      <th>G3</th>\n",
       "      <td>-0.106505</td>\n",
       "      <td>0.240151</td>\n",
       "      <td>0.211800</td>\n",
       "      <td>-0.127173</td>\n",
       "      <td>0.249789</td>\n",
       "      <td>-0.393316</td>\n",
       "      <td>0.063361</td>\n",
       "      <td>-0.122705</td>\n",
       "      <td>-0.087641</td>\n",
       "      <td>-0.204719</td>\n",
       "      <td>-0.176619</td>\n",
       "      <td>-0.098851</td>\n",
       "      <td>-0.091379</td>\n",
       "      <td>0.826387</td>\n",
       "      <td>0.918548</td>\n",
       "      <td>1.000000</td>\n",
       "    </tr>\n",
       "  </tbody>\n",
       "</table>\n",
       "</div>"
      ],
      "text/plain": [
       "                 age      Medu      Fedu  traveltime  studytime  failures  \\\n",
       "age         1.000000 -0.107832 -0.121050    0.034490  -0.008415  0.319968   \n",
       "Medu       -0.107832  1.000000  0.647477   -0.265079   0.097006 -0.172210   \n",
       "Fedu       -0.121050  0.647477  1.000000   -0.208288   0.050400 -0.165915   \n",
       "traveltime  0.034490 -0.265079 -0.208288    1.000000  -0.063154  0.097730   \n",
       "studytime  -0.008415  0.097006  0.050400   -0.063154   1.000000 -0.147441   \n",
       "failures    0.319968 -0.172210 -0.165915    0.097730  -0.147441  1.000000   \n",
       "famrel     -0.020559  0.024421  0.020256   -0.009521  -0.004127 -0.062645   \n",
       "freetime   -0.004910 -0.019686  0.006841    0.000937  -0.068829  0.108995   \n",
       "goout       0.112805  0.009536  0.027690    0.057454  -0.075442  0.045078   \n",
       "Dalc        0.134768 -0.007018  0.000061    0.092824  -0.137585  0.105949   \n",
       "Walc        0.086357 -0.019766  0.038445    0.057007  -0.214925  0.082266   \n",
       "health     -0.008750  0.004614  0.044910   -0.048261  -0.056433  0.035588   \n",
       "absences    0.149998 -0.008577  0.029859   -0.008149  -0.118389  0.122779   \n",
       "G1         -0.174322  0.260472  0.217501   -0.154120   0.260875 -0.384210   \n",
       "G2         -0.107119  0.264035  0.225139   -0.154489   0.240498 -0.385782   \n",
       "G3         -0.106505  0.240151  0.211800   -0.127173   0.249789 -0.393316   \n",
       "\n",
       "              famrel  freetime     goout      Dalc      Walc    health  \\\n",
       "age        -0.020559 -0.004910  0.112805  0.134768  0.086357 -0.008750   \n",
       "Medu        0.024421 -0.019686  0.009536 -0.007018 -0.019766  0.004614   \n",
       "Fedu        0.020256  0.006841  0.027690  0.000061  0.038445  0.044910   \n",
       "traveltime -0.009521  0.000937  0.057454  0.092824  0.057007 -0.048261   \n",
       "studytime  -0.004127 -0.068829 -0.075442 -0.137585 -0.214925 -0.056433   \n",
       "failures   -0.062645  0.108995  0.045078  0.105949  0.082266  0.035588   \n",
       "famrel      1.000000  0.129216  0.089707 -0.075767 -0.093511  0.109559   \n",
       "freetime    0.129216  1.000000  0.346352  0.109904  0.120244  0.084526   \n",
       "goout       0.089707  0.346352  1.000000  0.245126  0.388680 -0.015741   \n",
       "Dalc       -0.075767  0.109904  0.245126  1.000000  0.616561  0.059067   \n",
       "Walc       -0.093511  0.120244  0.388680  0.616561  1.000000  0.114988   \n",
       "health      0.109559  0.084526 -0.015741  0.059067  0.114988  1.000000   \n",
       "absences   -0.089534 -0.018716  0.085374  0.172952  0.156373 -0.030235   \n",
       "G1          0.048795 -0.094497 -0.074053 -0.195171 -0.155649 -0.051647   \n",
       "G2          0.089588 -0.106678 -0.079469 -0.189480 -0.164852 -0.082179   \n",
       "G3          0.063361 -0.122705 -0.087641 -0.204719 -0.176619 -0.098851   \n",
       "\n",
       "            absences        G1        G2        G3  \n",
       "age         0.149998 -0.174322 -0.107119 -0.106505  \n",
       "Medu       -0.008577  0.260472  0.264035  0.240151  \n",
       "Fedu        0.029859  0.217501  0.225139  0.211800  \n",
       "traveltime -0.008149 -0.154120 -0.154489 -0.127173  \n",
       "studytime  -0.118389  0.260875  0.240498  0.249789  \n",
       "failures    0.122779 -0.384210 -0.385782 -0.393316  \n",
       "famrel     -0.089534  0.048795  0.089588  0.063361  \n",
       "freetime   -0.018716 -0.094497 -0.106678 -0.122705  \n",
       "goout       0.085374 -0.074053 -0.079469 -0.087641  \n",
       "Dalc        0.172952 -0.195171 -0.189480 -0.204719  \n",
       "Walc        0.156373 -0.155649 -0.164852 -0.176619  \n",
       "health     -0.030235 -0.051647 -0.082179 -0.098851  \n",
       "absences    1.000000 -0.147149 -0.124745 -0.091379  \n",
       "G1         -0.147149  1.000000  0.864982  0.826387  \n",
       "G2         -0.124745  0.864982  1.000000  0.918548  \n",
       "G3         -0.091379  0.826387  0.918548  1.000000  "
      ]
     },
     "execution_count": 8,
     "metadata": {},
     "output_type": "execute_result"
    }
   ],
   "source": [
    "df.corr()"
   ]
  },
  {
   "cell_type": "code",
   "execution_count": 10,
   "metadata": {},
   "outputs": [
    {
     "data": {
      "text/plain": [
       "<matplotlib.axes._subplots.AxesSubplot at 0x7fa433744130>"
      ]
     },
     "execution_count": 10,
     "metadata": {},
     "output_type": "execute_result"
    },
    {
     "data": {
